FRAUD  - 

Time V1 V2 V3 V4 V5 V6 V7 V8 V9 V10 V11 V12 V13 V14 V15 V16 V17 V18 V19 V20 V21 V22 V23 V24 V25 V26 V27 V28 Amount class
-1.1152878574425795 -19.1397328634111 9.28684735978866 -20.134992104854 7.81867331002574 -15.652207677206302 -1.66834770694329 -21.3404780994803 0.6418997011947 -8.55011032700099 -16.6496281595399 4.81815244707108 -9.44531478308794 1.3170562933234098 -7.24346097400378 0.830910291033798 -9.533257050393189 -18.750641147467398 -8.09264877340557 3.32675827497024 0.42720343146936 -2.1826919456095504 0.5205430723666421 -0.7605564151887328 0.6627666383972359 -0.948454306235033 0.12179592582979301 -3.3818429293561 -1.2565236213625801 0.20610286556509647 1
-1.0375841188797272 -1.51924353075082 2.3084924536764304 -1.50359931953802 2.06410058377601 -1.00084505842829 -1.01689703316417 -2.0597305199012603 -0.275166374590629 -1.56220609694371 -2.75579692797163 3.4382482599043103 -3.5215293601365096 -0.918761288376486 -4.45210024854037 0.499313753853031 -2.9079034343997097 -5.248646395279191 -0.936814652613817 1.16012029433585 0.17501855224789803 1.3078714318706899 0.10282564413918302 -0.0177462832428156 0.14969592567321902 -0.0966024680642115 -0.36911456772013596 -0.0192440931269227 -0.20831909164279003 -0.3492313067728856 1
0.7238059114969032 0.290155157802135 0.0492431315858544 -0.7405236661026908 2.86546277005979 1.3952939156864301 -0.5351632788921901 0.142543369971437 -0.22276970702063104 -1.46369065190782 1.71353755281029 -1.12757349175133 -0.708657345883242 0.27218607740634304 0.27471029150754 0.235191951820748 -0.46355270918631303 0.47299539074794394 -0.44789915630515004 1.79092414652793 0.247579534584332 0.337348848382748 1.0181905775270401 0.30355001077675203 0.8338861197525741 -1.22230609676666 2.7452606721766 -0.220401600319897 0.168232740494181 -0.3245231340943491 1
-1.0617586153215035 -4.617461029179861 3.6633952531875598 -5.29744641020372 3.88095965427288 -3.26355091342907 -0.918546733700683 -5.7152620778107 0.831039550183167 -2.4570337784101497 -5.726817096329611 3.52572598717089 -6.48911156043177 -1.01279063167124 -7.05231095228929 0.7844454032924201 -6.77397674966222 -8.58807007314333 -4.51089174541971 1.1478778383491202 -0.34645583270524005 2.69817489528664 -0.0270808907137453 0.36677523031311204 -0.12301144166266302 -0.300456526768528 -0.239996239629945 -0.183463054061235 -0.0733597031884566 -0.3492313067728856 1
-0.19459331612956565 -1.7567118508364998 3.26657425418237 -4.15338789695403 3.9245256135755495 -1.7537718434176002 -1.0057867792296 -4.31321717578502 1.56071190324579 -3.29567366751075 -6.2133552491157005 4.52299197543382 -6.6528440527591 -0.12468523386066001 -8.60448620191387 0.110359314846888 -5.94548061159606 -9.33893779428438 -2.39019258818085 3.18415235636348 0.874720103498016 0.9114274418712959 0.0530612807310541 -0.367700953962814 -0.7763377558405959 0.292093831084717 0.025999713844171005 1.0629681996854 0.501148168228208 -0.3492313067728856 1
-0.8798602701437483 0.206075454303215 1.38735982061524 -1.045286987034 4.228686193690759 -1.64754917421782 -0.18089694621866603 -2.9436775747686204 0.8591555332660871 -1.18174300683428 -3.0965035986871703 3.20091235546057 -2.45083242908802 0.316619878616412 -6.39717031528651 -2.12972836543767 -2.42737307534442 -4.44847225233098 -1.2122204498873501 0.0346554556282822 0.351484399563241 0.46919942584802 0.34493046419586504 -0.203799378001586 0.37664037848785603 0.7154854895143871 0.226002880910544 0.6285446163027572 0.319917987612491 -0.3501908474594307 1
-1.1148877568917137 -20.9069081014654 9.84315322329519 -19.947726046163 6.155788648495151 -15.142013159868 -2.2395656481420003 -21.234463154097604 1.15179506554623 -8.73967037069304 -18.2711681738888 4.677349296572451 -9.58356643737056 1.03516582361622 -8.199690028918411 -0.32651888245128996 -8.37643882097816 -18.4854603221489 -7.58997395860914 1.1266403652791999 0.39665484507957505 -1.97719619445615 0.652931885295435 -0.519776859411322 0.541701730134149 -0.0538607606750096 0.112670774311131 -3.76537100922261 -1.07123831223447 -0.3492313067728856 1
-0.019686201630094165 -13.0865194204794 7.35214833905529 -18.256576111808 10.6485054461688 -11.7314764509112 -3.6591674056914503 -14.873657964607501 8.81047267511276 -5.4182040716445 -13.2025771482197 6.357227363436261 -15.5316111795156 0.659694875353275 -11.412329595125199 -2.4475760743183903 -9.833743020988411 -18.174617434907102 -7.269904593126 0.623796611777714 -1.37629840858733 2.7611570593153 -0.266161809571132 -0.412860724865388 0.519952215674181 -0.743908960008006 -0.167808225140728 -2.4983002521880002 -0.711066151912636 -0.23204740042856412 1
-0.22910725312265906 -0.433222446537596 2.42837911824053 -3.9964543973816204 4.871298540951059 -1.7963078560437 -0.586867589935922 -4.65454261848565 1.28522967071729 -2.7435388158994902 -5.638941312848071 4.3437434980468 -6.65573446968769 -0.293108662762872 -9.50514082568186 -1.3961490593192198 -4.85032315924603 -10.006252828239301 -2.7895981122938798 0.98258385892977 0.745029329890697 0.7135588217869541 -0.408953595906886 -0.320889532152165 -0.8042302751679841 0.962851575679124 0.199558010666927 1.09453318209808 0.541147567735467 -0.3492313067728856 1
-0.2111027283337055 -1.43086372778891 -0.802528699267131 1.1233202999944498 0.389760264731692 -0.28121353440427804 -0.055123492429819 1.3262324890933301 0.195699815379613 -0.546889550453909 -0.71347376073502 1.27462907751277 0.0236821347785728 -1.52169610821701 0.7272420858148481 0.166504662441577 0.34803759156513503 -0.5663900830288 0.21601610176729102 -1.14037564250718 0.6341842899336539 0.325575470468413 0.0140018451191784 0.8449460158478721 0.11496288454233501 0.15636481054339302 -0.619437446641754 -0.120351072821334 0.0355941733717493 1.0634124881312121 1
-0.5602852196207554 -13.1926709562391 12.785970638297998 -9.90665002092758 3.32033688288942 -4.801175932301049 5.760058556185559 -18.7508891580107 -37.3534426378925 -0.391539743919107 -5.0525023671385805 4.40680552357904 -4.61075647740608 -1.9094879697081102 -9.07271093398351 -0.226074450896345 -6.211557482124849 -6.24814535335983 -3.1492466947009503 0.0515761185277783 -3.4930499151944603 27.2028391573154 -8.88701714094871 5.303606903769981 -0.639434802306313 0.263203123457008 -0.108876929971315 1.26956635541013 0.9394073627588772 -0.3492313067728856 1
1.2437049904612003 -0.613695895305449 3.6987724138472498 -5.53494116176501 5.620486385358549 1.6492628503879199 -2.3351449809138503 -0.9071884727774209 0.7063620953106509 -3.74764612466131 -4.23098383571181 4.43631907416962 -4.503801216416219 -0.954361345864011 -9.861372107651661 -0.505329037399437 0.269281953090911 0.591319064375358 1.79599192045908 -1.08520791024384 0.354772932978025 0.319260753518317 -0.471378905146116 -0.075890410682347 -0.6679092648579871 -0.642848415713801 0.0706001067101182 0.48840952781543895 0.292344974289491 -0.35322939296682354 1
-1.42408125101593 -24.590244769046503 14.044566781510598 -26.278700586614498 6.32008926518927 -18.2245126736673 -4.60996782569686 -17.6810033715155 16.2136267471409 -3.7940934687741397 -8.37275316035861 4.90168265513877 -6.87283866404082 0.7697767627345009 -6.82658448658054 -0.0544341798176028 -6.084952665035829 -12.375270529796 -4.810344741266991 0.9367422379366079 1.6492020222957098 1.77706277243531 -1.80487368611576 -1.14060456917063 0.152234466415679 1.7159970240325702 -0.22047119903665 1.4349505814348302 0.42249185776266607 0.046539245565032604 1
-1.3082837284259234 0.28795277152752896 1.7287346452116201 -1.65217304572257 3.81354418795523 -1.0909271539131802 -0.9847446656245892 -2.20231792699069 0.555087932252191 -2.03389204830362 -2.7341555550721095 2.36843367282003 -3.65680265130054 -0.16953468330473098 -4.74441333023745 0.7651928292943041 -2.47951355643698 -4.9311119682985805 -2.5474025273605094 -0.90268980289448 0.265250210286539 0.262201510185118 -0.633527564205563 0.0928910102678184 0.18761265555619602 0.36870835440963895 -0.132474029018571 0.57656075692479 0.309842705461879 -0.35322939296682354 1
1.0022548369756548 -1.17218291948653 1.66171286952217 -3.04963701906308 2.5550584339002405 3.66903461419474 -3.1629983722747497 -5.98564011625334 -2.17993523861597 -1.12029227657092 -3.07555830950402 0.9974487632453571 -3.19191476820242 -1.51485677577243 -4.2672960668817 -0.159553975172285 -2.91646262843242 -2.81990611139418 -1.4172308009365202 0.32519494288717 0.548106363466502 -0.812097797287015 -0.295360725931063 -5.98880644277407 0.7143808012253459 -1.6000235915078798 -0.6347829342679271 0.822713228036362 0.494375178430933 -0.3452332205789477 1
1.5905921680617052 1.9919760961758999 0.158475887304227 -2.5834406450351604 0.40866999299844103 1.1511470607793701 -0.0966947441848027 0.223050267455537 -0.0683838777747007 0.5778293838448729 -0.888721675865145 0.49114024165678904 0.728903319843614 0.380428045513993 -1.94888334870021 -0.8324981363008721 0.519435549203291 0.903562376617253 1.19731471799372 0.593508846946918 -0.0176522567052908 -0.164350327825504 -0.29513516685155894 -0.0721725311018398 -0.45026131342332104 0.313266608995469 -0.28961658569688203 0.0029875822434290698 -0.0153088128485981 -0.1831907871386423 1
0.9793227580339351 -6.352336910966559 -2.3703351500766403 -4.87539667887196 2.3350445311619703 -0.809554897212021 -0.413647316208307 -4.08230817063438 2.23908947335972 -1.98635950470675 -5.16533081830893 2.9429391648776697 -4.1257222419036506 -0.43309439526029403 -3.5181311704857006 0.42077738709571205 -5.104479839303121 -7.9253889983054995 -3.4157067150870497 0.71833237368083 0.18689830450765602 1.32521840044042 1.2267448756108899 -1.4852168616856998 -1.47073226048821 -0.24005339297160896 0.112972036960476 0.9105906438028171 -0.650943712766886 0.42903615173907683 1
-1.8151900684489524 -2.16992897559082 3.6396539992044 -4.508497786177281 2.73066814884895 -2.12269287053048 -2.34101682766366 -4.23525308290613 1.7035376576350802 -1.30527913344307 -6.716720022712701 6.35361231915591 -8.60164826276464 0.449930038237225 -7.506169374081451 -0.43808178181246704 -3.69451599830956 -6.30475338603049 -1.26758712788115 0.357987030484253 0.5007790539507 0.6451032756213779 -0.503529448911197 -0.0005228218182992269 0.0716957787676742 0.0920074334247208 0.30849793157703603 0.552590914653841 0.298954478709399 -0.3492313067728856 1
-1.0084399524377252 -0.48153115095427795 1.05954227713479 0.647117402910268 0.905586233912649 0.81936824001549 -0.0911835663506086 0.504134851323607 0.16106433631308098 -0.7650537769496619 -0.55054534794377 1.4802860202577799 -0.105359122514952 -0.8048414547593191 -0.819901849432008 0.9168817664694271 0.20115053886491396 0.8748906322700191 0.941476678511478 0.272698476205832 -0.0425151328862889 0.0706328691882125 0.192490772493404 -0.174659253437827 -0.43890807294748796 0.23925899660983105 -0.217823405004998 -0.0728522476980958 0.0104633125817071 -0.3492313067728856 1
0.3050059243592329 -1.0006105198593298 3.34685000184439 -5.53449117133595 6.83580203854396 -0.299803293657807 0.0959512989990878 -2.4404192739471298 1.28630119597073 -2.7664382829403995 -4.45800770078481 4.69653339192897 -8.76211333956078 0.985826601093264 -7.320272022110231 -1.06384045772504 -3.37112471078725 -4.25115786762875 -0.43005729986925 1.80401333906519 1.18981379228675 0.43975676434589706 -0.694099203587273 0.299660329499667 -0.657600627722995 0.10164755898034401 0.43045743916941503 0.824685450418745 0.326952273050223 0.3909343903108481 1
1.2589509272415538 0.6677136413747979 3.0415023762052704 -5.84511195572955 5.967587038446701 0.213863332794167 -1.4629228111071202 -2.68876058357809 0.677763512400754 -3.44759589638668 -4.707570806112041 4.90581986504193 -5.20837397192841 0.532498380473016 -10.5440113995705 -1.3074187011067 -2.1335934878906997 -5.13308149079721 -1.06215078075411 -0.819371096333784 0.558424597641949 0.32976014592914 -0.941383471890008 -0.00607466234002341 -0.958925352213278 0.23929786494655103 -0.0673556786513241 0.8210475859116529 0.42617525159676595 -0.3262822920196818 1
-0.0871347313365482 -2.40558049004183 3.7382349648067303 -2.31784304058402 1.36744244056479 0.39400112765787 1.91993798476143 -3.1069420475368195 -10.7644025337266 3.3535248599039 0.369936028027435 0.382172176843061 -2.26293253493218 1.2106045832166399 -1.88061870491121 -0.934160416330735 0.235476804417352 3.32156931100987 1.90627082950488 -0.5813556906470569 -2.14087382269319 10.0059980130045 -2.4549640950160097 1.6849569469609198 0.118263083149952 -1.53138011163519 -0.6953075711194662 -0.15250156201687698 -0.138866256312262 -0.32528277047119725 1
-0.20065799816373947 -7.03030814445441 3.4219909046755297 -9.52507177254752 5.27089100906596 -4.02463027558805 -2.86568161775739 -6.989194734394459 3.7915509375591294 -4.62273033596451 -8.40966487562735 6.30904400603177 -8.57676143258937 0.24674671692986203 -11.534046018150802 -0.36426513875870004 -5.45249465771382 -11.8875700201872 -3.5635848100701097 0.8760187681566278 0.545698040621445 1.10339774484256 -0.541854751589521 0.0369432219896495 -0.355519004066217 0.35363438209700004 1.04245799282131 1.35951563156376 -0.272188101257294 -0.35322939296682354 1
1.3028777561418545 -0.12977761084334902 0.141547455482355 -0.8947018696977029 -0.45766224456131505 0.8106079809398701 -0.5047233851017551 1.3735875460719902 -0.20947645080754998 0.20849395363516898 -1.6136183385023501 -0.8001504163918678 0.5014352421174171 1.11801432626547 -1.81638414654661 -0.681282550845059 0.105946450120805 0.716591309767583 0.20528462271997697 -0.0513220971157383 0.399447041317156 -0.0326432954176307 -0.246526436107371 0.48410776466626504 0.35963657663193704 -0.435972450825985 -0.24848031151748803 0.0215269254860304 0.109191896780292 0.3948525147809074 1
-1.5684333181835048 -15.2713618637585 8.32658106147414 -22.3385905133352 11.8853128922128 -8.72133435613386 -2.32430694897567 -16.1964186599881 0.5128818204244849 -6.3336851559474505 -13.175198078736 9.939819741725689 -14.2254557039818 0.7160336651928729 -14.0047761755606 -0.329447848153274 -8.0594194070953 -12.122008815823698 -4.7997101325496105 0.6862271635974581 0.993121017282391 -2.3568962794623 1.06801917704623 1.0856171672433799 -1.03979707801119 -0.18200613624667303 0.649920860777984 2.14924707788821 -1.40681133211222 -0.3492313067728856 1

CORRECT VALUES - 

Time V1 V2 V3 V4 V5 V6 V7 V8 V9 V10 V11 V12 V13 V14 V15 V16 V17 V18 V19 V20 V21 V22 V23 V24 V25 V26 V27 V28 Amount class
-0.20842837202002468 1.07213171337686 -0.2816891182387 1.1882542905512 1.7396336528625602 -0.8481136274386669 0.564671891096061 -0.6339822916911031 0.371499978480976 1.48473456352774 -0.372933051690284 -1.3703814375876102 0.161307438199288 -1.8102328430466001 -0.43454061075798794 -1.53390402048031 -1.07378024389573 0.8627690222278699 -1.16375028009722 0.183810583824839 -0.301033763307833 -0.43125408762814904 -0.8476814210491809 0.100169974023655 0.0394749704942784 0.37236123309163793 -0.504906487940887 0.0805800627541363 0.0260289178604425 -0.2972561862516922 0
0.7041378107332977 -0.276624458166218 0.7171833384718621 -0.11679031448048402 -0.8490862900698979 0.869928729619617 -1.17260174616476 1.08151408478735 -0.10547656077992999 -0.29684093992892796 -1.2090140571214198 1.11498099122249 0.159923160416731 -0.834077052184212 -0.5511045879769481 -0.445583043446109 0.578707278598794 -0.0480446274633341 1.03692393574362 -0.9896759851210091 -0.14863371484075302 0.34463745861448897 0.8973290080044009 -0.250355395414415 -0.076955638515494 0.178874871246222 -0.254741848928 0.0263219559374177 0.053940942405809 -0.2082587875746333 0
-0.40529890096964655 0.60029142531662 -1.48615315114539 -0.0574996489403439 -1.30198935238634 -1.1245360760386 -0.515804839978394 -0.0145077827681882 0.0344521752674224 1.2497256521387101 -1.03854156205597 1.6294841947251002 0.724591047240424 -1.27935712952457 0.799903883154204 1.57777537069462 -0.334373936902056 -0.0978071314313282 0.165817276068974 0.527161391815692 0.47832095138083897 0.173636743576558 -0.193367656291905 -0.23847769077849001 0.0285637074542824 0.126637137739393 -0.13987062083833401 -0.0454580327924843 0.059426286586183 0.9600219791559769 0
0.8100802250177718 1.7836041215418799 -0.8053555639020981 -0.17168087007604302 -0.429198866448409 -1.3467079255836 -1.3986765631345799 -0.385832298140938 -0.292775248615 1.29017232304771 -0.46668904346150003 0.38918712994921995 1.43213663863489 1.35425431721318 -0.24749627782168998 1.02438773915224 -0.13094839607908598 -0.206210531273449 -0.444763839095366 -0.376493167049584 0.0899207063720582 0.317986965111176 0.9385171467543291 0.19193943448663 0.9854667699735581 -0.464336862314895 0.63823504056928 -0.0437391526508562 -0.0231321259192139 0.07856391597847565 0
0.46702558953608503 2.04159769873422 -0.5579624731179239 -2.5445832430525295 -0.8446524881714399 2.2485020792515202 3.48086733581046 -0.639779153511146 0.8295738898370061 0.997347959230091 -0.17888072289795498 -0.29817425388631397 0.532228788524177 -0.312202472546388 0.252400979180485 -0.0175843917104613 -0.725456379827281 -0.129705484117696 -0.561499052538452 0.14973735736536403 -0.178507216531858 0.074686625233852 0.43661413011084205 0.0778410447164386 0.7629110406939941 0.237731580871232 0.215783262454995 -0.0064468166922682394 -0.069697013998112 -0.3492313067728856 0
-0.7604618425959512 1.34517273396332 -0.672536528953101 0.623840439705583 -0.7492837025000558 -1.28536194401349 -0.6760625166025721 -0.8591483725760859 0.0594186546257917 -0.714179087728482 0.827082333342945 1.20604537275899 -0.684329458513843 -1.3484980833728 0.261734725445877 0.33763991525336695 1.53299845686889 0.015770617094658 -0.6433290877023149 0.7735725572322529 0.00309240721775947 0.144224276436448 0.207835538500095 0.0177398050157338 0.307723878585465 0.280575581427284 -0.296117451347034 0.00117781359144036 0.00919313913184149 -0.2892600138638163 0
-0.26941211914143925 1.1909356836761398 0.292382141871224 0.40797798658007706 0.722884143710303 -0.372621375518141 -0.7973936828131061 -0.007187382031893691 -0.0671534656650175 0.0566102493296174 -0.317320075218133 0.3898366318287271 0.25163898117988104 -0.18177307520962696 -0.173927062607788 1.35830372658136 0.106596716056921 0.410319074488084 -0.813833731116114 -0.677074388599177 -0.145263767530944 -0.242682297801651 -0.6824096810230009 0.20351695775668804 0.350966184472527 0.0888169006085026 0.105088022324563 -0.00823160983377298 0.0299158001642934 -0.34807186177664357 0
0.9617183337958471 2.03658671290932 -0.542964885055477 -0.7340078064559141 0.25802944391253096 -0.333249526984016 0.19264754816346 -0.7720107687031411 0.16367570406526402 1.73342649123797 -0.12814332223265598 -1.92910251703867 -0.5943007119852529 -1.2207174299485701 0.03839619138110201 0.736133496465345 0.38847918398908504 -0.708882169557163 0.658875847331473 0.0703912372612253 -0.262115161397764 0.12185192922427401 0.50202234923294 0.0802780554258121 0.0152814801194922 -0.0286120797476639 -0.19796679281896104 0.0260668202861725 -0.0399877386506787 -0.3132885118893834 0
-0.2830365957946006 -1.47930754352128 1.00922678081857 0.238622508419994 0.0947613525353506 -0.0641080715786439 -1.27828422860449 0.6482150233543721 -0.14859644725085003 0.282018540341216 0.6607770222255039 -0.660746727192195 -0.6900826841337628 -1.2155379591651299 0.315542597752354 0.7623030699640609 -0.0356113442010805 -0.274753643434498 -0.232892412974835 0.0194784899780622 -0.417918165113789 -0.116537051108386 0.11600451080386 0.24317304431135503 0.371257890819454 -0.20708577011340198 0.16062779909776598 -1.04256562071494 -0.787309872224189 -0.32524278960925784 0
1.0918352445220973 -0.847231499281709 -0.11818661522587501 1.3674127895564199 -0.924240383798725 1.2434683469816499 1.9776048028064999 3.908637335497261e-06 0.6290844192397471 0.6848764500018311 -0.602036695090707 -0.515126414861128 -0.42916745509890003 -1.0526752226187601 -0.25277111560204896 1.24501902770308 -1.00302281071325 0.5441965688967739 -1.56288205919248 -1.80348971483147 0.101671383605613 0.29265719054963896 1.19616620561854 -0.0598704137802841 -0.7405742245365 -0.379983468425503 0.7113179094477842 0.215837747586159 -0.0309002708259387 -0.19850345726142465 0
-1.1584566010886084 1.2172626170729899 0.38305958381643296 0.5511454332733311 1.1015853426272901 -0.34172964144646195 -0.875449659704789 0.163465445881895 -0.21179191991171603 -0.0540707542892082 -0.0424340561844979 -0.21024066196809302 0.6180604464718471 0.697929493333725 0.21023599508531698 0.9686326048950559 0.20170505904611602 -0.520344388094727 -0.414204356188278 -0.293462492196386 -0.0857682959653273 -0.21914463552171104 -0.620275344868835 0.0885867810855994 0.34778154250765997 0.38891106904810396 -0.632920148778389 0.027620993964413997 0.0321721342679975 -0.3132885118893834 0
-1.1529815409188682 -6.174087588258869 -5.205599202404031 -1.2701696884626998 1.36386432646018 0.25689329197652305 -1.78624429003741 -2.7216358077928002 -2.19528420761706 -0.997955375417288 -0.321405798791432 0.0713634148476178 -0.930200000831872 -1.0706662930822601 -0.0905819982378812 2.00945930851039 1.61359129742943 2.14622278537996 -0.9049725073098691 0.8415716808694731 -0.119119198970422 -1.28606765203552 0.5564048986648139 -1.02472578456385 0.514720905179393 -1.46838987421862 -0.378476796240829 0.54761505823179 -1.58085999898214 -0.2336866157680787 0
0.05797542108529842 -0.936457883084475 1.82158994004242 -0.85047441605038 -0.465903833936364 0.361556413454355 -0.589211644979368 0.296938850054587 0.498126269226589 1.1464449013132298 -0.114486630649129 1.6094422151340202 -1.5122794597165399 1.91994594794335 2.2750521319202996 -0.988717635957962 -0.15512494193467802 0.198453203118541 0.93769965912818 0.0554107452454689 0.0979418940242122 0.24340120695830603 1.1998421254081202 -0.0069560784575052 0.739151039196745 -0.697047245898515 -0.329895436847119 0.272265098558188 0.0868379542794656 -0.34967109625421877 0
-0.09595800137932192 -0.8248059342989379 0.5828686742603361 -2.23719831962398 -1.89001850797697 3.88959290014901 2.6113299208323704 0.892565603936325 0.483279523778406 1.03650227238909 -0.37744718168129704 0.8469638954757491 -2.61082507532353 1.21131702615133 2.2276962324807204 -0.42755522721529604 -0.7616612878214009 0.209997286767224 -0.250099112342847 -0.43056318059424104 -0.14369412702117002 -0.00277788005837517 0.645043373873144 0.23007196958989704 0.688996059439104 -0.140963645501096 0.0874745003303278 0.479095040360469 0.245696343131185 -0.3225240909973801 0
-0.840208199760591 -1.24714499134104 0.4970533097652379 1.66052101325048 -0.10278086252095699 1.2293227535582 0.8973134548922591 0.239849184837961 0.579409511490119 -0.172266053742914 -1.7365932207687802 0.720283503229147 0.5983417415477359 -0.0108744555529303 -1.642044096275 0.21475430153613395 -1.1376208348873897 2.2249011260118197 -1.9624549137855902 -2.1829688713157203 -0.08426692036580799 0.0463890817575499 0.33640008497611606 -0.154299937292154 -0.698537328367136 0.234308714368783 0.43451275098165004 0.07799279501722 0.0802989159466985 -0.3040129519194473 0
0.5820018531006305 1.9507722899683702 -0.395386347460625 -0.455321377913407 0.136352919796849 -0.495801014522811 -0.15062922817143398 -0.647121456829255 0.187347397690725 1.1925521989132 -0.036468797873227 0.821031276724163 0.620550275088297 -1.00869336115277 0.471449621588055 0.509689619319735 0.474725181716934 -0.855409880658962 0.6402348992269521 0.15591868997479402 -0.258461878263191 -0.0883721480995441 -0.257003011453703 0.392005320183348 0.6745460705185379 -0.42181348954279996 -0.9857270016202461 0.0417897395352941 -0.0309124460553751 -0.32232418668768315 0
-0.2859636471930387 -0.9346222938498041 0.6788278048247801 2.3039723275071804 -0.224195618321773 0.563439187052696 -0.144153325997104 0.9465981761865109 -0.346145316396617 -0.536769617929765 0.15069333202963 1.93469982688827 0.6275907010215149 -0.0054354574969606 -0.10363232599679699 0.520881718105319 -0.168102280399386 -0.479449438750434 -0.438567943247085 0.020677869672776003 0.0504791596629591 -0.19821656568321203 -0.329270800334117 -0.0470747276479912 0.21360796253455103 -0.0420715838882535 0.0507666378260573 -0.5657007209580129 -0.372642380139514 -0.34531318230282637 0
-0.24607993964885386 -0.872097125322732 1.10882265807051 -0.567180173543788 -0.672698337762761 2.2538926557882797 3.4474295796378898 -0.0930289111447762 1.21493759355907 -0.6794559005188671 -0.37173145559248905 -0.475289238869172 -0.10822091832355699 -0.00528725164601224 0.63171138769613 0.911832137023101 0.47915861296135404 -0.825444650941559 0.49051533347613996 0.17017810744417097 -0.14274476556243698 0.0804005732491398 -0.10049794758639001 -0.0318914998909635 0.980131392641788 -0.148065319051553 -0.550452188192256 -0.206069650968245 0.0734166875339461 -0.27330764995000384 0
-0.9610175081982828 -0.980184321887222 -3.64715368157184 -1.5655502442009699 1.06975296464623 -1.44131904899732 -1.01082650761988 1.96475572421161 -0.6633169297392 -0.169126726383375 -0.613402075222186 -0.35837501477240397 -0.20727865995786302 -0.550506056658822 0.9035379271296221 0.99409550272976 0.101945509470725 -0.0797636966277517 -0.35126666291749203 -0.254794567854051 2.2996824102306204 0.664813499700436 -0.806461551896227 -1.12739839125397 0.502077161114224 0.0869524491343609 0.946487826595259 -0.34384749032435996 0.19668221180967801 4.4404759535647855 0
0.6796685033593047 1.79560694982384 -0.223292724565232 -1.97782070051056 0.24067703970996898 0.918238123572769 0.69518662848864 -0.0957555864537946 0.23863743085288 0.9747412283592671 -1.07428269978414 0.17658140603289801 0.564590277707743 -0.00854904933774632 -1.5406038727443898 0.7413808872631229 -0.8620245414335309 2.02010035135269 -1.31386930390223 -1.0199248100772 -0.13185944042009298 -0.144331968828595 -0.18625814777411104 0.25191456673318396 -0.468812859436149 -0.27951009588373904 -0.0273125521639475 0.0343357804181625 -0.013607120195779 -0.10047038378606601 0
0.3788560628795371 -0.702594010647798 0.8917237756512291 1.06338279918699 -0.891340448847391 1.10727784271716 -0.620799502829792 1.13288789672868 -0.18925861028606303 -0.643576687030378 -0.946902726107879 -1.40066991447807 0.0979824873244441 0.7272076538862952 -0.00113703761890149 -0.26190866370892 0.0239932517853977 -0.587329711151687 -0.567061638375507 0.389325068882111 0.0325345263090573 -0.31206432994842204 -0.916034069321222 -0.38351105681741104 -0.631718710262594 0.6220512583256529 0.35821659225698904 -0.0474879139420035 0.0387310115179099 -0.34967109625421877 0
1.2283958799096573 -1.80568217872551 2.23428685288234 -0.527537556817767 -1.00768247511298 0.24015096390661703 0.329327350055175 -0.7675219533359989 -4.7546214590147695 0.372634902861766 0.598968358964075 0.47270908350083796 1.12907456874955 -0.0999903110516529 0.33640328863884394 -1.16760107262241 0.192247807979219 -0.41196894072212703 -0.0928942676508574 0.20389532876938898 -0.8732979572524651 4.34354433167974 -2.09874534350012 0.747282635939261 -0.435045563249085 -0.31452788720999797 0.17006531662306 0.41702522938644104 0.19053468075625302 -0.34807186177664357 0
0.6402691280609046 -2.12046171228306 -0.954256931138013 1.6397837404093 -1.25936906171126 1.7098985663521498 0.96478779540488 -0.22393744696373102 0.634599399375718 -0.00896703513710356 -0.874698072440752 0.710061526062845 0.318900733213315 -0.352422278064745 0.0335985874716273 0.5273884248695271 0.26169047993204003 -0.5221808810997429 -0.41155194425896896 -1.3473380271102398 -0.36347758003392494 0.19878125980071398 0.8829705960415991 0.584979642717055 -1.61163433201174 0.60353532491582 0.8362831275936009 0.0212323979472119 -0.0705389204756933 -0.3492313067728856 0
-1.2671154875342228 1.10434872729577 -0.40365752119080606 0.8947006669594659 0.0111157217081488 -1.15159977133811 -0.7688461647336079 -0.431250046637515 -0.0780890592481989 0.627611195489339 -0.273483288071549 -0.254926940444408 0.244826397825731 0.28452954202856606 -0.0551538762823681 1.4934045847394601 0.6593981601445079 -0.48805718320561403 -0.11736034480966698 -0.15713510823135501 0.112481263514845 0.0204666661878752 -0.0937196861510027 0.0181053469180557 0.455969511031949 0.00649839554946301 0.951103869652158 -0.0637103066848626 0.0307098584180346 -0.02438680351542671 0
-0.16239575074674698 -1.4076310147701 -0.7170031012924669 1.00561522311035 0.607531083307292 1.14060504057223 0.139189585353648 0.27492361130584897 -1.26718289991721 0.915853871893196 0.27191471795080496 -0.927649817233497 0.501474547811651 1.27281402934503 -1.13362928187524 -0.0165141090695173 0.197960272413656 -1.05555096533096 0.147828930698354 -0.6745691666813579 -0.99752836715252 0.655895919123055 0.954026269999841 0.998930286557122 0.6198449196275041 0.0615450411291329 -0.6270030991883511 -0.0131635782626101 -0.6517379193072529 -0.2333267880106243 0
